%YAML:1.0
---
R: !!opencv-matrix
   rows: 3
   cols: 3
   dt: d
   data: [ 9.9934451027830373e-01, -3.2238910308812173e-02,
       1.6468225123481520e-02, 3.2239458088203256e-02,
       9.9948014656879258e-01, 2.3228646971283030e-04,
       -1.6467152722808201e-02, 2.9879244533609074e-04,
       9.9986436260338751e-01 ]
T: !!opencv-matrix
   rows: 3
   cols: 1
   dt: d
   data: [ -6.6364548760330791e+01, -1.1140602289472437e+00,
       8.8448587113309118e-01 ]
R1: !!opencv-matrix
   rows: 3
   cols: 3
   dt: d
   data: [ 9.9987552244226097e-01, -1.5461089919104998e-02,
       3.1455236971441375e-03, 1.5461021721923186e-02,
       9.9988047020208248e-01, 4.5997571859766423e-05,
       -3.1458588859268567e-03, 2.6411640140501210e-06,
       9.9999505177020442e-01 ]
R2: !!opencv-matrix
   rows: 3
   cols: 3
   dt: d
   data: [ 9.9977036419787857e-01, 1.6783123243333684e-02,
       -1.3324625542220692e-02, -1.6783412118913245e-02,
       9.9985914455526881e-01, 9.0149057658820393e-05,
       1.3324261678909023e-02, 1.3350432559767317e-04,
       9.9991121917263581e-01 ]
P1: !!opencv-matrix
   rows: 3
   cols: 4
   dt: d
   data: [ 1.3278159181977935e+03, 0., 1.2588494567871094e+03, 0., 0.,
       1.3278159181977935e+03, 1.0258467190265656e+03, 0., 0., 0., 1.,
       0. ]
P2: !!opencv-matrix
   rows: 3
   cols: 4
   dt: d
   data: [ 1.3278159181977935e+03, 0., 1.2588494567871094e+03,
       -8.8140144380734841e+04, 0., 1.3278159181977935e+03,
       1.0258467190265656e+03, 0., 0., 0., 1., 0. ]
Q: !!opencv-matrix
   rows: 4
   cols: 4
   dt: d
   data: [ 1., 0., 0., -1.2588494567871094e+03, 0., 1., 0.,
       -1.0258467190265656e+03, 0., 0., 0., 1.3278159181977935e+03, 0.,
       0., 1.5064825767270014e-02, 0. ]
