%YAML:1.0
---
R: !!opencv-matrix
   rows: 3
   cols: 3
   dt: d
   data: [ 9.9913556005321136e-01, -3.8344266445912933e-02,
       1.6057704315390983e-02, 3.8571354173695394e-02,
       9.9915665521110286e-01, -1.4079381540706351e-02,
       -1.5504298576944445e-02, 1.4686578161241895e-02,
       9.9977193456685443e-01 ]
T: !!opencv-matrix
   rows: 3
   cols: 1
   dt: d
   data: [ -6.6665749057808284e+01, -2.4350926370792481e+00,
       4.2370585358636781e+00 ]
R1: !!opencv-matrix
   rows: 3
   cols: 3
   dt: d
   data: [ 9.9884970367905468e-01, -2.7741663641735036e-03,
       -4.7870381879077044e-02, 2.4522741386760003e-03,
       9.9997399734218018e-01, -6.7816658020093748e-03,
       4.7887950591078338e-02, 6.6564735772968236e-03,
       9.9883053394842758e-01 ]
R2: !!opencv-matrix
   rows: 3
   cols: 3
   dt: d
   data: [ 9.9732394303091065e-01, 3.6429144272443190e-02,
       -6.3386671350171050e-02, -3.6002013082337192e-02,
       9.9932074367713097e-01, 7.8680563422759298e-03,
       6.3630242112507299e-02, -5.5649532040733416e-03,
       9.9795802696533287e-01 ]
P1: !!opencv-matrix
   rows: 3
   cols: 4
   dt: d
   data: [ 8.8647647494544128e+02, 0., 1.4094299125671387e+03, 0., 0.,
       8.8647647494544128e+02, 1.0394219141006470e+03, 0., 0., 0., 1.,
       0. ]
P2: !!opencv-matrix
   rows: 3
   cols: 4
   dt: d
   data: [ 8.8647647494544128e+02, 0., 1.4094299125671387e+03,
       -5.9256191167699290e+04, 0., 8.8647647494544128e+02,
       1.0394219141006470e+03, 0., 0., 0., 1., 0. ]
Q: !!opencv-matrix
   rows: 4
   cols: 4
   dt: d
   data: [ 1., 0., 0., -1.4094299125671387e+03, 0., 1., 0.,
       -1.0394219141006470e+03, 0., 0., 0., 8.8647647494544128e+02, 0.,
       0., 1.4960065057786940e-02, 0. ]
