%YAML:1.0
---
R: !!opencv-matrix
   rows: 3
   cols: 3
   dt: d
   data: [ 9.9960320497640198e-01, -3.6144689177440288e-04,
       2.8165616574995573e-02, 5.7391474815539226e-04,
       9.9997144076252953e-01, -7.5357999689949365e-03,
       -2.8162088394987479e-02, 7.5489744638116895e-03,
       9.9957486451079669e-01 ]
T: !!opencv-matrix
   rows: 3
   cols: 1
   dt: d
   data: [ -2.1621789629371060e+00, -2.3417714537453518e-01,
       4.2747506357306542e-01 ]
R1: !!opencv-matrix
   rows: 3
   cols: 3
   dt: d
   data: [ 9.8062533879266756e-01, 1.0384322917350780e-01,
       -1.6610396946666967e-01, -1.0458853020848630e-01,
       9.9450637914389672e-01, 4.2779891215885390e-03,
       1.6563569744048093e-01, 1.3177465496605159e-02,
       9.8609896569081312e-01 ]
R2: !!opencv-matrix
   rows: 3
   cols: 3
   dt: d
   data: [ 9.7552027701022237e-01, 1.0565478512237048e-01,
       -1.9286590036251747e-01, -1.0478599903845483e-01,
       9.9438571382978447e-01, 1.4729105089675912e-02,
       1.9333929643870057e-01, 5.8411053727441594e-03,
       9.8111456922248019e-01 ]
P1: !!opencv-matrix
   rows: 3
   cols: 4
   dt: d
   data: [ 1.1296936736348569e+03, 0., 1.7982751381397247e+03, 0., 0.,
       1.1296936736348569e+03, 6.8769816589355469e+02, 0., 0., 0., 1.,
       0. ]
P2: !!opencv-matrix
   rows: 3
   cols: 4
   dt: d
   data: [ 1.1296936736348569e+03, 0., 1.7982751381397247e+03,
       -2.5038945404420620e+03, 0., 1.1296936736348569e+03,
       6.8769816589355469e+02, 0., 0., 0., 1., 0. ]
Q: !!opencv-matrix
   rows: 4
   cols: 4
   dt: d
   data: [ 1., 0., 0., -1.7982751381397247e+03, 0., 1., 0.,
       -6.8769816589355469e+02, 0., 0., 0., 1.1296936736348569e+03, 0.,
       0., 4.5117462232870625e-01, 0. ]
