%YAML:1.0
---
M1: !!opencv-matrix
   rows: 3
   cols: 3
   dt: d
   data: [ 2.3609086313585854e+03, 0., 1.2433181538976119e+03, 0.,
       2.3607854785833274e+03, 1.0364173498893583e+03, 0., 0., 1. ]
D1: !!opencv-matrix
   rows: 5
   cols: 1
   dt: d
   data: [ -5.4584499829762823e-02, 9.0375321290873875e-02,
       6.6245393314700045e-04, 1.0047351870110580e-04, 0. ]
M2: !!opencv-matrix
   rows: 3
   cols: 3
   dt: d
   data: [ 2.3621002018620820e+03, 0., 1.2400938557433565e+03, 0.,
       2.3622117495798439e+03, 1.0381216421286508e+03, 0., 0., 1. ]
D2: !!opencv-matrix
   rows: 5
   cols: 1
   dt: d
   data: [ -5.4943476850609539e-02, 9.1102314544958443e-02,
       7.6710168255865550e-04, -2.0671856346920911e-04, 0. ]
