%YAML:1.0
---
M1: !!opencv-matrix
   rows: 3
   cols: 3
   dt: d
   data: [ 2.7548177350155765e+03, 0., 1.1775791452240401e+03, 0.,
       2.7598074744995283e+03, 7.7896960242400689e+02, 0., 0., 1. ]
D1: !!opencv-matrix
   rows: 5
   cols: 1
   dt: d
   data: [ 2.2841267251898490e-02, 2.2919912461642752e-01,
       -2.2633168693623473e-02, -6.6314548603877924e-03, 0. ]
M2: !!opencv-matrix
   rows: 3
   cols: 3
   dt: d
   data: [ 3.1927469549732859e+03, 0., 1.1873947752893112e+03, 0.,
       3.2255777326898519e+03, 7.3288102042451442e+02, 0., 0., 1. ]
D2: !!opencv-matrix
   rows: 5
   cols: 1
   dt: d
   data: [ -3.0156965216600020e-02, 7.4714229750375505e-01,
       -2.9322540591264511e-02, -2.3336019337699420e-02, 0. ]
