%YAML:1.0
---
M1: !!opencv-matrix
   rows: 3
   cols: 3
   dt: d
   data: [ 2.3656319689242819e+03, 0., 1.2413877369871855e+03, 0.,
       2.3657419619640914e+03, 1.0384562536998480e+03, 0., 0., 1. ]
D1: !!opencv-matrix
   rows: 5
   cols: 1
   dt: d
   data: [ -5.9800191044048261e-02, 9.6190456864834809e-02,
       6.0154527349381265e-04, -1.3852018474851748e-04, 0. ]
M2: !!opencv-matrix
   rows: 3
   cols: 3
   dt: d
   data: [ 2.3627207468154015e+03, 0., 1.2433562714243005e+03, 0.,
       2.3627731773457172e+03, 1.0050829160297429e+03, 0., 0., 1. ]
D2: !!opencv-matrix
   rows: 5
   cols: 1
   dt: d
   data: [ -5.7723388180614357e-02, 9.2790426814328211e-02,
       1.4320790101962272e-04, -6.0209990601603719e-04, 0. ]
