%YAML:1.0
---
calibration_time: "Mon Jun  9 15:19:47 2025"
image_width: 1920
image_height: 1080
board_width: 11
board_height: 8
square_size: 20.
flags: 128
camera_matrix: !!opencv-matrix
   rows: 3
   cols: 3
   dt: d
   data: [ 2.3609086313585854e+03, 0., 1.2433181538976119e+03, 0.,
       2.3607854785833274e+03, 1.0364173498893583e+03, 0., 0., 1. ]
distortion_coefficients: !!opencv-matrix
   rows: 5
   cols: 1
   dt: d
   data: [ -5.4584499829762823e-02, 9.0375321290873875e-02,
       6.6245393314700045e-04, 1.0047351870110580e-04, 0. ]
avg_reprojection_error: 6.8951656885590948e-02
