%YAML:1.0
---
calibration_time: "Fri May 30 10:00:12 2025"
nframes: 13
image_width: 1920
image_height: 1080
board_width: 7
board_height: 7
square_size: 1.
flags: 128
camera_matrix: !!opencv-matrix
   rows: 3
   cols: 3
   dt: d
   data: [ 2.7548177350155765e+03, 0., 1.1775791452240401e+03, 0.,
       2.7598074744995283e+03, 7.7896960242400689e+02, 0., 0., 1. ]
distortion_coefficients: !!opencv-matrix
   rows: 5
   cols: 1
   dt: d
   data: [ 2.2841267251898490e-02, 2.2919912461642752e-01,
       -2.2633168693623473e-02, -6.6314548603877924e-03, 0. ]
avg_reprojection_error: 2.8784211096882972e-01
per_view_reprojection_errors: !!opencv-matrix
   rows: 13
   cols: 1
   dt: f
   data: [ 3.14151347e-01, 2.61805326e-01, 2.93092936e-01,
       2.62158900e-01, 3.07519615e-01, 3.51981848e-01, 2.47223049e-01,
       3.18948656e-01, 2.10579336e-01, 2.23164961e-01, 2.63264447e-01,
       2.41442010e-01, 3.90090376e-01 ]
extrinsic_parameters: !!opencv-matrix
   rows: 13
   cols: 6
   dt: d
   data: [ -9.6786369610090711e-02, 5.0182277804776486e-02,
       -6.6828724106874821e-02, -1.8376423386090547e+01,
       -2.9512929704652202e+00, 4.7203481816619338e+01,
       -2.4292363589857760e-01, -8.8244115478970393e-04,
       -2.2697995566758455e-02, -1.6494903874801047e+01,
       -8.0055465182569474e+00, 4.8604738966187391e+01,
       -9.1262658966930615e-02, -7.7216765529516854e-02,
       -1.0884571008059582e-01, -1.9827009037571841e+01,
       -1.1737608377818747e+01, 5.1432634146887068e+01,
       1.6447190380092466e-01, -1.4307841210527389e-01,
       8.0661580434657123e-03, -1.1167689618196215e+01,
       -1.1141893871955771e+01, 4.7166601841141741e+01,
       -1.6192709978049449e-01, -1.1834163397377569e-01,
       -3.3684583444418804e-02, -4.9877968673550148e+00,
       -1.0497880217107991e+01, 4.4163263653460263e+01,
       -1.0901310843752970e-01, -9.6699790291553109e-02,
       -4.0943426002725877e-03, 6.0611005344663405e-01,
       -1.0234929459995241e+01, 4.2431529808813309e+01,
       -2.6174973578286304e-01, -1.5138427992622721e-02,
       1.6448064085342343e-02, 8.5662917468019950e-01,
       -6.5676096739937204e+00, 4.3348265535119801e+01,
       -9.5313591289628199e-02, -5.8533387178810202e-02,
       1.4181690735264934e-02, 8.5994864574890462e-01,
       -3.8564495088821280e+00, 4.2345419176177494e+01,
       -1.4735312263936459e-01, -4.0447025250153479e-02,
       6.7844133828043600e-05, -4.8063483122973452e+00,
       -3.3250595083469303e+00, 4.3370170502211565e+01,
       -1.8656421501217701e-01, 3.5127404091114006e-02,
       -1.0927045556667955e-02, -9.5672411275302363e+00,
       -3.2926953122599492e+00, 4.4235699976623309e+01,
       -4.2171261748742350e-01, 6.9430470242149399e-03,
       -1.8960130460675888e-02, -1.2829240713038109e+01,
       -4.7188439240103932e+00, 4.6982151713446861e+01,
       -1.3883930663048141e-01, 1.8815653040523173e-02,
       -4.9383983704780102e-02, -7.1360094738786319e+00,
       -5.8694062009979868e+00, 4.4267913370916887e+01,
       1.7236168072495106e-01, 4.1528876805255632e-02,
       -7.7708021991849015e-03, -4.9219385224993593e+00,
       -8.0067229313309021e+00, 4.2579520508111727e+01 ]
image_points: !!opencv-matrix
   rows: 13
   cols: 49
   dt: "2f"
   data: [ 8.37537003e+01, 5.93802124e+02, 1.43829620e+02,
       5.90686096e+02, 2.03745865e+02, 5.87470093e+02, 2.63491119e+02,
       5.84289612e+02, 3.23161346e+02, 5.81152527e+02, 3.82647644e+02,
       5.77959900e+02, 4.42087067e+02, 5.74676819e+02, 8.65676498e+01,
       6.52935547e+02, 1.46660126e+02, 6.49735840e+02, 2.06561630e+02,
       6.46521179e+02, 2.66304077e+02, 6.43352905e+02, 3.25938019e+02,
       6.40132019e+02, 3.85450531e+02, 6.36851501e+02, 4.44873749e+02,
       6.33617981e+02, 8.94343033e+01, 7.12141785e+02, 1.49515564e+02,
       7.08919922e+02, 2.09352875e+02, 7.05719788e+02, 2.69089264e+02,
       7.02449707e+02, 3.28730499e+02, 6.99186523e+02, 3.88305298e+02,
       6.95859436e+02, 4.47753937e+02, 6.92633301e+02, 9.22812119e+01,
       7.71399658e+02, 1.52296432e+02, 7.68150146e+02, 2.12151474e+02,
       7.64898071e+02, 2.71905396e+02, 7.61577942e+02, 3.31505035e+02,
       7.58282471e+02, 3.91111145e+02, 7.54951050e+02, 4.50593140e+02,
       7.51699158e+02, 9.51163177e+01, 8.30691895e+02, 1.55106857e+02,
       8.27527588e+02, 2.14926712e+02, 8.24114197e+02, 2.74707825e+02,
       8.20859741e+02, 3.34356720e+02, 8.17530457e+02, 3.93944824e+02,
       8.14235474e+02, 4.53473114e+02, 8.10882385e+02, 9.78113251e+01,
       8.90120850e+02, 1.57892532e+02, 8.86836121e+02, 2.17812729e+02,
       8.83488770e+02, 2.77528961e+02, 8.80133484e+02, 3.37252441e+02,
       8.76840576e+02, 3.96824646e+02, 8.73522522e+02, 4.56366852e+02,
       8.70173157e+02, 1.00657875e+02, 9.49575134e+02, 1.60737991e+02,
       9.46253845e+02, 2.20622528e+02, 9.42871521e+02, 2.80398010e+02,
       9.39617371e+02, 3.40149811e+02, 9.36194336e+02, 3.99668304e+02,
       9.32849243e+02, 4.59329742e+02, 9.29469788e+02, 2.21407822e+02,
       3.06449585e+02, 2.80744446e+02, 3.06608124e+02, 3.39826141e+02,
       3.06664337e+02, 3.98711548e+02, 3.06686859e+02, 4.57349609e+02,
       3.06754669e+02, 5.15758728e+02, 3.06791229e+02, 5.74050171e+02,
       3.06701691e+02, 2.19225891e+02, 3.61454102e+02, 2.78771576e+02,
       3.61459656e+02, 3.37959015e+02, 3.61498566e+02, 3.97068909e+02,
       3.61383423e+02, 4.55899963e+02, 3.61294983e+02, 5.14516846e+02,
       3.61211639e+02, 5.72946655e+02, 3.61101746e+02, 2.17021057e+02,
       4.16867035e+02, 2.76759674e+02, 4.16802612e+02, 3.36178894e+02,
       4.16668213e+02, 3.95400818e+02, 4.16497955e+02, 4.54433685e+02,
       4.16296478e+02, 5.13222473e+02, 4.16085938e+02, 5.71899109e+02,
       4.15884918e+02, 2.14920883e+02, 4.72634277e+02, 2.74727448e+02,
       4.72434509e+02, 3.34292877e+02, 4.72217865e+02, 3.93703674e+02,
       4.71960693e+02, 4.52905090e+02, 4.71664307e+02, 5.11845978e+02,
       4.71402100e+02, 5.70823486e+02, 4.71066620e+02, 2.12572678e+02,
       5.28813477e+02, 2.72647675e+02, 5.28575378e+02, 3.32391266e+02,
       5.28214966e+02, 3.92026184e+02, 5.27855835e+02, 4.51400482e+02,
       5.27486267e+02, 5.10635925e+02, 5.27095520e+02, 5.69704346e+02,
       5.26701538e+02, 2.10244064e+02, 5.85415161e+02, 2.70510864e+02,
       5.85028809e+02, 3.30542114e+02, 5.84604980e+02, 3.90281769e+02,
       5.84177673e+02, 4.49892578e+02, 5.83705566e+02, 5.09275055e+02,
       5.83219360e+02, 5.68596130e+02, 5.82772034e+02, 2.07945358e+02,
       6.42421631e+02, 2.68375702e+02, 6.41921082e+02, 3.28544861e+02,
       6.41432800e+02, 3.88537720e+02, 6.40876770e+02, 4.48335327e+02,
       6.40375916e+02, 5.07907959e+02, 6.39803162e+02, 5.67431824e+02,
       6.39270935e+02, 8.04926147e+01, 1.18038887e+02, 1.38969559e+02,
       1.15236794e+02, 1.96800735e+02, 1.12277367e+02, 2.54211823e+02,
       1.09316589e+02, 3.11255554e+02, 1.06391136e+02, 3.67755890e+02,
       1.03352844e+02, 4.23937103e+02, 1.00299065e+02, 8.71965256e+01,
       1.73579758e+02, 1.45464752e+02, 1.70384125e+02, 2.03186707e+02,
       1.67343369e+02, 2.60536652e+02, 1.64136093e+02, 3.17356537e+02,
       1.60961746e+02, 3.73813965e+02, 1.57732651e+02, 4.29846954e+02,
       1.54484802e+02, 9.36939774e+01, 2.28902115e+02, 1.51788086e+02,
       2.25595047e+02, 2.09491730e+02, 2.22231857e+02, 2.66684875e+02,
       2.18828186e+02, 3.23448639e+02, 2.15407135e+02, 3.79796509e+02,
       2.11944855e+02, 4.35812805e+02, 2.08481659e+02, 1.00188118e+02,
       2.84196228e+02, 1.58107040e+02, 2.80616119e+02, 2.15662064e+02,
       2.77063110e+02, 2.72769043e+02, 2.73419922e+02, 3.29446869e+02,
       2.69844452e+02, 3.85707275e+02, 2.66129791e+02, 4.41655090e+02,
       2.62452271e+02, 1.06523705e+02, 3.39330627e+02, 1.64385498e+02,
       3.35561707e+02, 2.21807953e+02, 3.31793182e+02, 2.78760376e+02,
       3.27993439e+02, 3.35400635e+02, 3.24126587e+02, 3.91601105e+02,
