%YAML:1.0
---
calibration_time: "Wed Jun  4 15:54:57 2025"
image_width: 1920
image_height: 1080
board_width: 11
board_height: 8
square_size: 20.
flags: 128
camera_matrix: !!opencv-matrix
   rows: 3
   cols: 3
   dt: d
   data: [ 2.3656319689242819e+03, 0., 1.2413877369871855e+03, 0.,
       2.3657419619640914e+03, 1.0384562536998480e+03, 0., 0., 1. ]
distortion_coefficients: !!opencv-matrix
   rows: 5
   cols: 1
   dt: d
   data: [ -5.9800191044048261e-02, 9.6190456864834809e-02,
       6.0154527349381265e-04, -1.3852018474851748e-04, 0. ]
avg_reprojection_error: 5.0133900112270403e-02
