%YAML:1.0
---
calibration_time: "Fri May 30 09:56:44 2025"
nframes: 13
image_width: 1920
image_height: 1080
board_width: 7
board_height: 7
square_size: 1.
flags: 128
camera_matrix: !!opencv-matrix
   rows: 3
   cols: 3
   dt: d
   data: [ 3.1927469549732859e+03, 0., 1.1873947752893112e+03, 0.,
       3.2255777326898519e+03, 7.3288102042451442e+02, 0., 0., 1. ]
distortion_coefficients: !!opencv-matrix
   rows: 5
   cols: 1
   dt: d
   data: [ -3.0156965216600020e-02, 7.4714229750375505e-01,
       -2.9322540591264511e-02, -2.3336019337699420e-02, 0. ]
avg_reprojection_error: 4.0215104277944397e-01
per_view_reprojection_errors: !!opencv-matrix
   rows: 13
   cols: 1
   dt: f
   data: [ 4.13944274e-01, 3.71696860e-01, 4.35184389e-01,
       4.50858384e-01, 4.50487673e-01, 4.26976472e-01, 4.96813267e-01,
       3.33266497e-01, 2.87500858e-01, 2.51385063e-01, 2.80316412e-01,
       3.07797730e-01, 5.81341445e-01 ]
extrinsic_parameters: !!opencv-matrix
   rows: 13
   cols: 6
   dt: d
   data: [ 8.7833877965932533e-03, -2.4974394986194354e-03,
       2.0645595021535155e-02, -1.8796901400871157e+01,
       -3.9902530018115678e+00, 5.6037861239758072e+01,
       -1.4920667324321363e-01, -5.0832925087669262e-02,
       4.2345468542733543e-02, -1.5142975449941126e+01,
       -6.9758371801773000e+00, 5.2298312646497614e+01,
       -2.2756288794732177e-01, -2.0106035362965524e-01,
       -5.2305631228137812e-02, -1.7263958774884273e+01,
       -9.8171782854158636e+00, 5.3508273188829811e+01,
       -2.0835571125798830e-01, -1.6563202353596060e-01,
       1.0482965577915410e-02, -1.0180391301277471e+01,
       -9.8825172595259456e+00, 5.0943097509847647e+01,
       -2.0118933666835975e-01, -1.3880478479384559e-01,
       1.5479949138020166e-02, -4.2907372018646770e+00,
       -9.5868696185451636e+00, 4.7923353735822985e+01,
       -2.4025792691664347e-01, -1.3439797736429362e-01,
       2.3460289513010844e-02, 3.7357998326924563e-01,
       -9.1185373612596035e+00, 4.6059378921522679e+01,
       -2.1190691350768195e-01, -1.4929621715156452e-01,
       6.5613810349561777e-02, 1.0122162643607170e-01,
       -6.9131274825522908e+00, 4.4833662668330945e+01,
       -2.0999395164771342e-01, -9.0361886772377789e-02,
       -7.9448337403528226e-03, 6.5656000715631102e-01,
       -2.8040244705725406e+00, 5.1706247629808288e+01,
       -1.9263525866703096e-01, -7.5093412326125181e-02,
       -2.1724498729157514e-02, -4.0096992925077322e+00,
       -2.7937783190452770e+00, 5.1844998133280676e+01,
       -2.0785817658887118e-01, -1.9868791600511460e-02,
       -4.1237342058488870e-02, -9.0755351820980437e+00,
       -2.5179126897482806e+00, 5.3672197360333115e+01,
       -2.2057842913337619e-01, -2.8747253700778862e-02,
       -8.1828492685840602e-03, -1.3966404793668708e+01,
       -2.2667242927421833e+00, 5.5101351252502170e+01,
       -2.9934842548813012e-01, -2.6149193025867851e-02,
       -4.8794445937715026e-03, -1.2939422024863781e+01,
       -6.1463774363978647e+00, 5.4558365491697963e+01,
       1.5495396810817313e-01, -5.5534808938654687e-02,
       2.7982604698466623e-02, -6.4718290617612766e+00,
       -6.5695956706682770e+00, 4.8773338280508575e+01 ]
image_points: !!opencv-matrix
   rows: 13
   cols: 49
   dt: "2f"
   data: [ 7.90396194e+01, 4.85618134e+02, 1.40955154e+02,
       4.88547394e+02, 2.02299561e+02, 4.91299622e+02, 2.63292023e+02,
       4.94132019e+02, 3.23873474e+02, 4.96861633e+02, 3.84072754e+02,
       4.99519318e+02, 4.43903809e+02, 5.02106140e+02, 7.94915695e+01,
       5.45355103e+02, 1.41207809e+02, 5.47983337e+02, 2.02448181e+02,
       5.50647095e+02, 2.63272156e+02, 5.53259705e+02, 3.23634521e+02,
       5.55793457e+02, 3.83654449e+02, 5.58261292e+02, 4.43384247e+02,
       5.60740601e+02, 7.99033585e+01, 6.04780273e+02, 1.41408951e+02,
       6.07320068e+02, 2.02513489e+02, 6.09736755e+02, 2.63149231e+02,
       6.12160217e+02, 3.23399963e+02, 6.14543396e+02, 3.83294647e+02,
       6.16909119e+02, 4.42880249e+02, 6.19212524e+02, 8.02468491e+01,
       6.63995972e+02, 1.41602982e+02, 6.66419678e+02, 2.02523285e+02,
       6.68659241e+02, 2.63034912e+02, 6.70911194e+02, 3.23167358e+02,
       6.73095276e+02, 3.82899384e+02, 6.75267090e+02, 4.42401550e+02,
       6.77444336e+02, 8.06257477e+01, 7.22975525e+02, 1.41842026e+02,
       7.25203247e+02, 2.02595657e+02, 7.27309326e+02, 2.62996368e+02,
       7.29374695e+02, 3.22968292e+02, 7.31406433e+02, 3.82587646e+02,
       7.33479431e+02, 4.41898254e+02, 7.35432861e+02, 8.09374542e+01,
       7.81773621e+02, 1.42062729e+02, 7.83780640e+02, 2.02679993e+02,
       7.85721497e+02, 2.62875122e+02, 7.87661255e+02, 3.22678925e+02,
       7.89616577e+02, 3.82270416e+02, 7.91430664e+02, 4.41452026e+02,
       7.93306152e+02, 8.12318649e+01, 8.40323120e+02, 1.42198746e+02,
       8.42100098e+02, 2.02708755e+02, 8.43969299e+02, 2.62773865e+02,
       8.45739929e+02, 3.22533386e+02, 8.47476562e+02, 3.81891113e+02,
       8.49217163e+02, 4.40992615e+02, 8.50974609e+02, 2.31346115e+02,
       2.81674133e+02, 2.97370209e+02, 2.86914276e+02, 3.62768738e+02,
       2.92025940e+02, 4.27678101e+02, 2.97017944e+02, 4.92202637e+02,
       3.02020569e+02, 5.56273987e+02, 3.06959320e+02, 6.19878479e+02,
       3.11764099e+02, 2.27729248e+02, 3.44061493e+02, 2.93756348e+02,
       3.49010712e+02, 3.59211761e+02, 3.53938049e+02, 4.24235779e+02,
       3.58757324e+02, 4.88735870e+02, 3.63452637e+02, 5.52821045e+02,
       3.68166840e+02, 6.16524475e+02, 3.72819031e+02, 2.24024017e+02,
       4.06592072e+02, 2.90043732e+02, 4.11335083e+02, 3.55573395e+02,
       4.15970520e+02, 4.20622894e+02, 4.20597198e+02, 4.85248322e+02,
       4.25095917e+02, 5.49396179e+02, 4.29602997e+02, 6.13200134e+02,
       4.34050323e+02, 2.20315399e+02, 4.69242432e+02, 2.86388367e+02,
       4.73775360e+02, 3.51949310e+02, 4.78172791e+02, 4.17072449e+02,
       4.82600189e+02, 4.81711060e+02, 4.86911102e+02, 5.45985779e+02,
       4.91187256e+02, 6.09822021e+02, 4.95460999e+02, 2.16585602e+02,
       5.32035217e+02, 2.82693787e+02, 5.36345703e+02, 3.48302795e+02,
       5.40599426e+02, 4.13495514e+02, 5.44737366e+02, 4.78225281e+02,
       5.48898865e+02, 5.42520508e+02, 5.52980042e+02, 6.06480225e+02,
       5.57034729e+02, 2.12762238e+02, 5.95012390e+02, 2.78971130e+02,
       5.99120667e+02, 3.44691101e+02, 6.03177917e+02, 4.09863586e+02,
       6.07109436e+02, 4.74667603e+02, 6.11045898e+02, 5.39036377e+02,
       6.14973328e+02, 6.03096436e+02, 6.18850891e+02, 2.08883423e+02,
       6.58148438e+02, 2.75168274e+02, 6.62024170e+02, 3.40979736e+02,
       6.65863159e+02, 4.06282318e+02, 6.69624023e+02, 4.71160004e+02,
       6.73403625e+02, 5.35603027e+02, 6.77123962e+02, 5.99682007e+02,
       6.80807251e+02, 1.10027962e+02, 1.06429008e+02, 1.78145142e+02,
       1.09860634e+02, 2.45051834e+02, 1.13026596e+02, 3.10946594e+02,
       1.16098137e+02, 3.75797546e+02, 1.19083900e+02, 4.39654205e+02,
       1.21923203e+02, 5.02626770e+02, 1.24677559e+02, 1.12714836e+02,
       1.66823196e+02, 1.80756348e+02, 1.69599472e+02, 2.47791504e+02,
       1.72403000e+02, 3.13680817e+02, 1.75030136e+02, 3.78561798e+02,
       1.77455536e+02, 4.42507446e+02, 1.79861237e+02, 5.05563110e+02,
       1.82173843e+02, 1.15330025e+02, 2.27306076e+02, 1.83448425e+02,
       2.29674103e+02, 2.50457748e+02, 2.31936783e+02, 3.16363464e+02,
       2.34059586e+02, 3.81346771e+02, 2.36083054e+02, 4.45322174e+02,
       2.38033371e+02, 5.08410614e+02, 2.39898483e+02, 1.17849319e+02,
       2.88018524e+02, 1.85972031e+02, 2.89913086e+02, 2.53027252e+02,
       2.91668915e+02, 3.19021545e+02, 2.93335297e+02, 3.84039368e+02,
       2.94949463e+02, 4.48096436e+02, 2.96428284e+02, 5.11334290e+02,
       2.97900757e+02, 1.20309830e+02, 3.48915314e+02, 1.88508545e+02,
       3.50348389e+02, 2.55585938e+02, 3.51614838e+02, 3.21632080e+02,
       3.52864929e+02, 3.86720001e+02, 3.53981567e+02, 4.50841187e+02,
