%YAML:1.0
---
calibration_time: "Wed Jun  4 15:55:25 2025"
image_width: 1920
image_height: 1080
board_width: 11
board_height: 8
square_size: 20.
flags: 128
camera_matrix: !!opencv-matrix
   rows: 3
   cols: 3
   dt: d
   data: [ 2.3627207468154015e+03, 0., 1.2433562714243005e+03, 0.,
       2.3627731773457172e+03, 1.0050829160297429e+03, 0., 0., 1. ]
distortion_coefficients: !!opencv-matrix
   rows: 5
   cols: 1
   dt: d
   data: [ -5.7723388180614357e-02, 9.2790426814328211e-02,
       1.4320790101962272e-04, -6.0209990601603719e-04, 0. ]
avg_reprojection_error: 5.3422021466153380e-02
